198028
163128
176518
152156
162798
148122
160158
73249
114832
144853
129955
108390
203844
194954
218651
228989
230822
219428
246590
108150
205011
228629
187794
130835
274825
226631
225438
229442
209554
211401
256570
99465
176288
180741
173521
114640
225575
217801
250952
222826
217648
230294
231638
94203
169447
183905
170767
123352
266004
241304
260352
213827
236914
198694
223320
111683
183096
188091
176500
123236
272048
224756
251686
220797
234924
217685
216085
107329
159738
198363
178812
131155
246886
198127
211779
193976
207677
180406
204490
100615
165982
192258
179355
198061
210581
212570
272217
183787
184860
190135
219450
89732
181015
190100
170131
142466
220742
207035
249711
208769
207022
198273
208793
86121
180445
175181
172213
150384
214440
197582
230473
197715
151133
236488
214088
98133
188417
186745
179411
142819
239651
211563
252901
187508
228643
209265
192083
97168
184406
189235
192726
140903
250311
225695
261371
207777
248195
228925
214194
104860
186381
207048
196125
162223
233708
218767
214246
203748
206406
186257
193017
77905
177467
169031
139413
141715
158428
166320
215450
189661
189876
210970
206332
85122
190386
196326
184101
166493
207267
201638
259115
160920
164704
171753
153886
69262
155231
140418
146088
131298
165172
161303
188598
158171
171642
169937
138510
70764
147021
133411
133283
111928
137744
131269
138816
130320
147938
129113
109616
56715
109543
117398
107058
87478
114102
108963
132753
116838
136850
122815
108339
53296
106940
111466
102871
89415
118464
118976
140189
119850
132312
128272
114793
53505
111027
122445
108546
92199
132109
135310
162181
149693
147405
147652
132473
59584
130818
133606
134790
110056
155851
173097
191409
168132
188657
166232
137223
72004
154393
147435
146397
125062
172035
184349
226780
160969
204806
188363
145944
83638
167469
158417
156886
121689
178324
182228
214247
171886
199693
175271
152949
91791
125354
147038
147387
124535
165271
178494
194302
174924
197882
172313
153336
89186
142532
157262
151001
140448
155869
163125
28415
4295
99842
132691
136769
88973
156357
157188
138612
119621
134198
143161
169887
145243
142932
149671
110515
64767
105318
101103
104519
86718
107853
110918
119548
97365
121349
127232
109611
71211
110998
115852
119871
104965
128328
130405
168323
125884
149482
139150
119247
79787
136315
139075
139317
111136
142009
147094